88410296 255601080 150710100 300906225 142914312 331648681 459673151 224149002 190449960 212904600 354894193 67894186 293431502 192150892 337694269 321560174 258150054 35571186

88410296 255601080 150710100 300906225 142914312 336519890 459673152 224149002 190449960 212904630 354940440 67894186 293439564 192492261 337694270 321561012 258150054 35571186

2938 17117 35257
21 18 26371539
8 4 56516287
1482435 652725 663
3 5 76220966
33651989 47378383 16
1 1 919346302
32021286 62505152 10
38089992 145006872 6
45 68 7862163
98939 86910 7670
13394 28894 7418
18348 23198 28641
658051 548411 642
1 1 675388538
1621 1678 390004
6 6 86050017
42 1136 878245

data = [ 2938, 17117, 35257, \
         21, 18, 26371539, \
         8, 4, 56516287, \
         1482435, 652725, 663, \
         3, 5, 76220966, \
         33651989, 47378383, 16, \
         1, 1, 919346302, \
         32021286, 62505152, 10, \
         38089992, 145006872, 6, \
         45, 68, 7862163, \
         98939, 86910, 7670, \
         13394, 28894, 7418, \
         18348, 23198, 28641, \
         658051, 548411, 642, \
         1, 1, 675388538, \
         1621, 1678, 390004, \
         6, 6, 86050017, \
         42, 1136, 878245 ]